{"producer":{"name":"Blender","version":"4.3.2","exporter_version":"3.3.2","file":"Remy.babylon"},
"autoClear":true,"clearColor":[0.0509,0.0509,0.0509],"gravity":[0,-9.81,0],
"skeletons":[{"name":"Armature","id":0,"dimensionsAtRest":[402.9549,79.0739,396.9259],"bones":[
{"name":"mixamorig:Hips","index":0,"matrix":[1,0,0,0,0,0,1,0,0,1,0,0,-0.0418,-1.4166,209.0796,1],"rest":[1,0,0,0,0,0,1,0,0,1,0,0,-0.0419,-1.4164,209.1508,1],"parentBoneIndex":-1,"length":22.288
,"animation":
{"name":"anim","property":"_matrix","dataType":3,"framePerSecond":30,"loopBehavior":1,"keys":[
{"frame":1,"values":[1,0,0,0,0,0,1,0,0,1,0,0,-0.0418,-1.4166,209.0796,1]},
{"frame":2,"values":[1,0,0,0,0,0,1,0,0,1,0,0,-0.0418,-1.4166,209.0796,1]}]}},
{"name":"mixamorig:Spine","index":1,"matrix":[0.9999,0.0115,0,0,-0.0115,0.9949,-0.0999,0,-0.0011,0.0999,0.995,0,-0.1948,19.8048,-3.8898,1],"rest":[0.9999,0.0115,0,0,-0.0114,0.9949,-0.0999,0,-0.0011,0.0999,0.995,0,-0.1948,19.8048,-3.8898,1],"parentBoneIndex":0,"length":23.6201
,"animation":
{"name":"anim","property":"_matrix","dataType":3,"framePerSecond":30,"loopBehavior":1,"keys":[
{"frame":1,"values":[0.9999,0.0115,0,0,-0.0115,0.9949,-0.0999,0,-0.0011,0.0999,0.995,0,-0.1948,19.8048,-3.8898,1]},
{"frame":2,"values":[0.9999,0.0115,0,0,-0.0115,0.9949,-0.0999,0,-0.0011,0.0999,0.995,0,-0.1948,19.8048,-3.8898,1]}]}},
{"name":"mixamorig:Spine1","index":2,"matrix":[1,-0.0075,-0.0008,0,0.0076,0.9983,0.0571,0,0.0003,-0.0571,0.9984,0,0,23.6201,0,1],"rest":[1,-0.0075,-0.0008,0,0.0076,0.9983,0.0571,0,0.0003,-0.0571,0.9984,0,0,23.6201,0,1],"parentBoneIndex":1,"length":27.8335
,"animation":
{"name":"anim","property":"_matrix","dataType":3,"framePerSecond":30,"loopBehavior":1,"keys":[
{"frame":1,"values":[1,-0.0075,-0.0008,0,0.0076,0.9983,0.0571,0,0.0003,-0.0571,0.9984,0,0,23.6201,0,1]},
{"frame":2,"values":[1,-0.0075,-0.0008,0,0.0076,0.9983,0.0571,0,0.0003,-0.0571,0.9984,0,0,23.6201,0,1]}]}},
{"name":"mixamorig:Spine2","index":3,"matrix":[0.9997,-0.0223,-0.001,0,0.0222,0.9864,0.1627,0,-0.0027,-0.1627,0.9867,0,0,27.8335,0,1],"rest":[0.9997,-0.0223,-0.001,0,0.0222,0.9864,0.1627,0,-0.0027,-0.1627,0.9867,0,0,27.8334,0,1],"parentBoneIndex":2,"length":25.8203
,"animation":
{"name":"anim","property":"_matrix","dataType":3,"framePerSecond":30,"loopBehavior":1,"keys":[
{"frame":1,"values":[0.9997,-0.0223,-0.001,0,0.0222,0.9864,0.1627,0,-0.0027,-0.1627,0.9867,0,0,27.8335,0,1]},
{"frame":2,"values":[0.9997,-0.0223,-0.001,0,0.0222,0.9864,0.1627,0,-0.0027,-0.1627,0.9867,0,0,27.8335,0,1]}]}},
{"name":"mixamorig:Neck","index":4,"matrix":[0.9996,-0.0282,0.0034,0,0.0272,0.9862,0.1635,0,-0.008,-0.1634,0.9865,0,0,31.2942,0,1],"rest":[0.9996,-0.0282,0.0034,0,0.0272,0.9862,0.1635,0,-0.008,-0.1634,0.9865,0,0,31.2941,0,1],"parentBoneIndex":3,"length":23.189
,"animation":
{"name":"anim","property":"_matrix","dataType":3,"framePerSecond":30,"loopBehavior":1,"keys":[
{"frame":1,"values":[0.9996,-0.0282,0.0034,0,0.0272,0.9862,0.1635,0,-0.008,-0.1634,0.9865,0,0,31.2942,0,1]},
{"frame":2,"values":[0.9996,-0.0282,0.0034,0,0.0272,0.9862,0.1635,0,-0.008,-0.1634,0.9865,0,0,31.2942,0,1]}]}},
{"name":"mixamorig:Head","index":5,"matrix":[1,0,0,0,0,1,0,0,0,0,1,0,0,23.1889,0,1],"rest":[1,0,0,0,0,1,0,0,0,0,1,0,0,23.189,0,1],"parentBoneIndex":4,"length":29.4483
,"animation":
{"name":"anim","property":"_matrix","dataType":3,"framePerSecond":30,"loopBehavior":1,"keys":[
{"frame":1,"values":[1,0,0,0,0,1,0,0,0,0,1,0,0,23.1889,0,1]},
{"frame":2,"values":[1,0,0,0,0,1,0,0,0,0,1,0,0,23.1889,0,1]}]}},
{"name":"mixamorig:HeadTop_End","index":6,"matrix":[1,0,0,0,0,1,0,0,0,0,1,0,-1.6398,39.7775,-0.3611,1],"rest":[1,0,0,0,0,1,0,0,0,0,1,0,-1.6398,39.7774,-0.3611,1],"parentBoneIndex":5,"length":29.4483
,"animation":
{"name":"anim","property":"_matrix","dataType":3,"framePerSecond":30,"loopBehavior":1,"keys":[
{"frame":1,"values":[1,0,0,0,0,1,0,0,0,0,1,0,-1.6398,39.7775,-0.3611,1]},
{"frame":2,"values":[1,0,0,0,0,1,0,0,0,0,1,0,-1.6398,39.7775,-0.3611,1]}]}},
{"name":"mixamorig:RightEye","index":7,"matrix":[1,0,0,0,0,1,0,0,0,0,1,0,-6.8815,20.143,11.2522,1],"rest":[1,0,0,0,0,1,0,0,0,0,1,0,-6.8815,20.1429,11.2521,1],"parentBoneIndex":5,"length":29.4483
,"animation":
{"name":"anim","property":"_matrix","dataType":3,"framePerSecond":30,"loopBehavior":1,"keys":[
{"frame":1,"values":[1,0,0,0,0,1,0,0,0,0,1,0,-6.8815,20.143,11.2522,1]},
{"frame":2,"values":[1,0,0,0,0,1,0,0,0,0,1,0,-6.8815,20.143,11.2522,1]}]}},
{"name":"mixamorig:LeftEye","index":8,"matrix":[1,0,0,0,0,1,0,0,0,0,1,0,5.2954,21.0261,11.3098,1],"rest":[1,0,0,0,0,1,0,0,0,0,1,0,5.2954,21.026,11.3098,1],"parentBoneIndex":5,"length":29.4483
,"animation":
{"name":"anim","property":"_matrix","dataType":3,"framePerSecond":30,"loopBehavior":1,"keys":[
{"frame":1,"values":[1,0,0,0,0,1,0,0,0,0,1,0,5.2954,21.0261,11.3098,1]},
{"frame":2,"values":[1,0,0,0,0,1,0,0,0,0,1,0,5.2954,21.0261,11.3098,1]}]}},
{"name":"mixamorig:LeftShoulder","index":9,"matrix":[-0.1523,-0.1261,-0.9803,0,0.9872,0.0288,-0.1571,0,0.048,-0.9916,0.1201,0,12.6034,19.3138,0.3592,1],"rest":[-0.1523,-0.126,-0.9803,0,0.9872,0.0287,-0.1571,0,0.0479,-0.9916,0.1201,0,12.6034,19.3138,0.3592,1],"parentBoneIndex":3,"length":26.5833
,"animation":
{"name":"anim","property":"_matrix","dataType":3,"framePerSecond":30,"loopBehavior":1,"keys":[
{"frame":1,"values":[-0.1523,-0.1261,-0.9803,0,0.9872,0.0288,-0.1571,0,0.048,-0.9916,0.1201,0,12.6034,19.3138,0.3592,1]},
{"frame":2,"values":[-0.1523,-0.1261,-0.9803,0,0.9872,0.0288,-0.1571,0,0.048,-0.9916,0.1201,0,12.6034,19.3138,0.3592,1]}]}},
{"name":"mixamorig:LeftArm","index":10,"matrix":[0.9883,0.1525,0,0,-0.1524,0.9879,0.0296,0,0.0045,-0.0293,0.9996,0,0,26.5833,-0.0001,1],"rest":[0.9883,0.1525,0,0,-0.1524,0.9879,0.0295,0,0.0045,-0.0291,0.9996,0,0,26.5833,0,1],"parentBoneIndex":9,"length":55.1277
,"animation":
{"name":"anim","property":"_matrix","dataType":3,"framePerSecond":30,"loopBehavior":1,"keys":[
{"frame":1,"values":[0.9883,0.1525,0,0,-0.1524,0.9879,0.0296,0,0.0045,-0.0293,0.9996,0,0,26.5833,-0.0001,1]},
{"frame":2,"values":[0.9883,0.1525,0,0,-0.1524,0.9879,0.0296,0,0.0045,-0.0293,0.9996,0,0,26.5833,-0.0001,1]}]}},
{"name":"mixamorig:LeftForeArm","index":11,"matrix":[1,0,0,0,0,1,0,0,0,0,1,0,0,55.1277,0,1],"rest":[1,0,0,0,0,1,0,0,0,0,1,0,0.0001,55.1277,0,1],"parentBoneIndex":10,"length":52.7734
,"animation":
{"name":"anim","property":"_matrix","dataType":3,"framePerSecond":30,"loopBehavior":1,"keys":[
{"frame":1,"values":[1,0,0,0,0,1,0,0,0,0,1,0,0,55.1277,0,1]},
{"frame":2,"values":[1,0,0,0,0,1,0,0,0,0,1,0,0,55.1277,0,1]}]}},
{"name":"mixamorig:LeftHand","index":12,"matrix":[1,0,-0.0002,0,0,1,0,0,0.0002,0,1,0,0,52.7734,0,1],"rest":[1,0,0,0,0,1,0,0,0,0,1,0,0,52.7734,0,1],"parentBoneIndex":11,"length":23.8518
,"animation":
{"name":"anim","property":"_matrix","dataType":3,"framePerSecond":30,"loopBehavior":1,"keys":[
{"frame":1,"values":[1,0,-0.0002,0,0,1,0,0,0.0002,0,1,0,0,52.7734,0,1]},
{"frame":2,"values":[1,0,-0.0002,0,0,1,0,0,0.0002,0,1,0,0,52.7734,0,1]}]}},
{"name":"mixamorig:LeftHandMiddle1","index":13,"matrix":[1,0,0,0,0,1,0,0,0,0,1,0,0,27.7446,0,1],"rest":[1,0,0,0,0,1,0,0,0,0,1,0,0,27.7445,0,1],"parentBoneIndex":12,"length":6.9316
,"animation":
{"name":"anim","property":"_matrix","dataType":3,"framePerSecond":30,"loopBehavior":1,"keys":[
{"frame":1,"values":[1,0,0,0,0,1,0,0,0,0,1,0,0,27.7446,0,1]},
{"frame":2,"values":[1,0,0,0,0,1,0,0,0,0,1,0,0,27.7446,0,1]}]}},
{"name":"mixamorig:LeftHandMiddle2","index":14,"matrix":[1,0,0,0,0,1,0,0,0,0,1,0,0,6.9316,0,1],"rest":[1,0,0,0,0,1,0,0,0,0,1,0,0,6.9316,0,1],"parentBoneIndex":13,"length":6.8236
,"animation":
{"name":"anim","property":"_matrix","dataType":3,"framePerSecond":30,"loopBehavior":1,"keys":[
{"frame":1,"values":[1,0,0,0,0,1,0,0,0,0,1,0,0,6.9316,0,1]},
{"frame":2,"values":[1,0,0,0,0,1,0,0,0,0,1,0,0,6.9316,0,1]}]}},
{"name":"mixamorig:LeftHandMiddle3","index":15,"matrix":[1,0,0,0,0,1,0,0,0,0,1,0,0,6.8236,0,1],"rest":[1,0,0,0,0,1,0,0,0,0,1,0,0,6.8236,0,1],"parentBoneIndex":14,"length":7.3927
,"animation":
{"name":"anim","property":"_matrix","dataType":3,"framePerSecond":30,"loopBehavior":1,"keys":[
{"frame":1,"values":[1,0,0,0,0,1,0,0,0,0,1,0,0,6.8236,0,1]},
{"frame":2,"values":[1,0,0,0,0,1,0,0,0,0,1,0,0,6.8236,0,1]}]}},
{"name":"mixamorig:LeftHandMiddle4","index":16,"matrix":[1,0,0,0,0,1,0,0,0,0,1,0,0,7.3927,-0.0001,1],"rest":[1,0,0,0,0,1,0,0,0,0,1,0,0,7.3927,0,1],"parentBoneIndex":15,"length":7.3927
,"animation":
{"name":"anim","property":"_matrix","dataType":3,"framePerSecond":30,"loopBehavior":1,"keys":[
{"frame":1,"values":[1,0,0,0,0,1,0,0,0,0,1,0,0,7.3927,-0.0001,1]},
{"frame":2,"values":[1,0,0,0,0,1,0,0,0,0,1,0,0,7.3927,-0.0001,1]}]}},
{"name":"mixamorig:LeftHandThumb1","index":17,"matrix":[0.8944,0.3874,0.2237,0,-0.4473,0.7746,0.4471,0,0,-0.4999,0.8661,0,-6.1288,11.1231,3.2915,1],"rest":[0.8944,0.3873,0.2236,0,-0.4472,0.7746,0.4472,0,0,-0.5,0.866,0,-6.1288,11.1231,3.2915,1],"parentBoneIndex":12,"length":11.2243
,"animation":
{"name":"anim","property":"_matrix","dataType":3,"framePerSecond":30,"loopBehavior":1,"keys":[
{"frame":1,"values":[0.8944,0.3874,0.2237,0,-0.4473,0.7746,0.4471,0,0,-0.4999,0.8661,0,-6.1288,11.1231,3.2915,1]},
{"frame":2,"values":[0.8944,0.3874,0.2237,0,-0.4473,0.7746,0.4471,0,0,-0.4999,0.8661,0,-6.1288,11.1231,3.2915,1]}]}},
{"name":"mixamorig:LeftHandThumb2","index":18,"matrix":[1,0,0,0,0,1,0,0,0,0,1,0,0,11.2243,0,1],"rest":[1,0,0,0,0,1,0,0,0,0,1,0,0,11.2243,0,1],"parentBoneIndex":17,"length":8.9556
,"animation":
{"name":"anim","property":"_matrix","dataType":3,"framePerSecond":30,"loopBehavior":1,"keys":[
{"frame":1,"values":[1,0,0,0,0,1,0,0,0,0,1,0,0,11.2243,0,1]},
{"frame":2,"values":[1,0,0,0,0,1,0,0,0,0,1,0,0,11.2243,0,1]}]}},
{"name":"mixamorig:LeftHandThumb3","index":19,"matrix":[1,0,0,0,0,1,0,0,0,0,1,0,0,8.9556,0,1],"rest":[1,0,0,0,0,1,0,0,0,0,1,0,0,8.9555,0,1],"parentBoneIndex":18,"length":5.7945
,"animation":
{"name":"anim","property":"_matrix","dataType":3,"framePerSecond":30,"loopBehavior":1,"keys":[
{"frame":1,"values":[1,0,0,0,0,1,0,0,0,0,1,0,0,8.9556,0,1]},
{"frame":2,"values":[1,0,0,0,0,1,0,0,0,0,1,0,0,8.9556,0,1]}]}},
{"name":"mixamorig:LeftHandThumb4","index":20,"matrix":[1,0,0,0,0,1,0,0,0,0,1,0,0,5.7945,0,1],"rest":[1,0,0,0,0,1,0,0,0,0,1,0,0,5.7945,0,1],"parentBoneIndex":19,"length":5.7945
,"animation":
{"name":"anim","property":"_matrix","dataType":3,"framePerSecond":30,"loopBehavior":1,"keys":[
{"frame":1,"values":[1,0,0,0,0,1,0,0,0,0,1,0,0,5.7945,0,1]},
{"frame":2,"values":[1,0,0,0,0,1,0,0,0,0,1,0,0,5.7945,0,1]}]}},
{"name":"mixamorig:LeftHandIndex1","index":21,"matrix":[1,0,0,0,0,1,0,0,0,0,1,0,-5.1521,28.4902,0.4547,1],"rest":[1,0,0,0,0,1,0,0,0,0,1,0,-5.152,28.4902,0.4547,1],"parentBoneIndex":12,"length":7.0629
,"animation":
{"name":"anim","property":"_matrix","dataType":3,"framePerSecond":30,"loopBehavior":1,"keys":[
{"frame":1,"values":[1,0,0,0,0,1,0,0,0,0,1,0,-5.1521,28.4902,0.4547,1]},
{"frame":2,"values":[1,0,0,0,0,1,0,0,0,0,1,0,-5.1521,28.4902,0.4547,1]}]}},
{"name":"mixamorig:LeftHandIndex2","index":22,"matrix":[1,0,0,0,0,1,0,0,0,0,1,0,0,7.0628,-0.0001,1],"rest":[1,0,0,0,0,1,0,0,0,0,1,0,0,7.0629,-0.0001,1],"parentBoneIndex":21,"length":6.4953
,"animation":
{"name":"anim","property":"_matrix","dataType":3,"framePerSecond":30,"loopBehavior":1,"keys":[
{"frame":1,"values":[1,0,0,0,0,1,0,0,0,0,1,0,0,7.0628,-0.0001,1]},
{"frame":2,"values":[1,0,0,0,0,1,0,0,0,0,1,0,0,7.0628,-0.0001,1]}]}},
{"name":"mixamorig:LeftHandIndex3","index":23,"matrix":[1,0,0,0,0,1,0,0,0,0,1,0,0,6.4953,0,1],"rest":[1,0,0,0,0,1,0,0,0,0,1,0,0,6.4953,0,1],"parentBoneIndex":22,"length":6.5934
,"animation":
{"name":"anim","property":"_matrix","dataType":3,"framePerSecond":30,"loopBehavior":1,"keys":[
{"frame":1,"values":[1,0,0,0,0,1,0,0,0,0,1,0,0,6.4953,0,1]},
{"frame":2,"values":[1,0,0,0,0,1,0,0,0,0,1,0,0,6.4953,0,1]}]}},
{"name":"mixamorig:LeftHandIndex4","index":24,"matrix":[1,0,0,0,0,1,0,0,0,0,1,0,0,6.5934,0,1],"rest":[1,0,0,0,0,1,0,0,0,0,1,0,0,6.5934,0,1],"parentBoneIndex":23,"length":6.5934
,"animation":
{"name":"anim","property":"_matrix","dataType":3,"framePerSecond":30,"loopBehavior":1,"keys":[
{"frame":1,"values":[1,0,0,0,0,1,0,0,0,0,1,0,0,6.5934,0,1]},
{"frame":2,"values":[1,0,0,0,0,1,0,0,0,0,1,0,0,6.5934,0,1]}]}},
{"name":"mixamorig:LeftHandRing1","index":25,"matrix":[1,0,0,0,0,1,0,0,0,0,1,0,4.241,25.4841,-0.0792,1],"rest":[1,0,0,0,0,1,0,0,0,0,1,0,4.241,25.4841,-0.0793,1],"parentBoneIndex":12,"length":6.3098
,"animation":
{"name":"anim","property":"_matrix","dataType":3,"framePerSecond":30,"loopBehavior":1,"keys":[
{"frame":1,"values":[1,0,0,0,0,1,0,0,0,0,1,0,4.241,25.4841,-0.0792,1]},
{"frame":2,"values":[1,0,0,0,0,1,0,0,0,0,1,0,4.241,25.4841,-0.0792,1]}]}},
{"name":"mixamorig:LeftHandRing2","index":26,"matrix":[1,0,0,0,0,1,0,0,0,0,1,0,0,6.3098,0,1],"rest":[1,0,0,0,0,1,0,0,0,0,1,0,0,6.3098,0,1],"parentBoneIndex":25,"length":6.3596
,"animation":
{"name":"anim","property":"_matrix","dataType":3,"framePerSecond":30,"loopBehavior":1,"keys":[
{"frame":1,"values":[1,0,0,0,0,1,0,0,0,0,1,0,0,6.3098,0,1]},
{"frame":2,"values":[1,0,0,0,0,1,0,0,0,0,1,0,0,6.3098,0,1]}]}},
{"name":"mixamorig:LeftHandRing3","index":27,"matrix":[1,0,0,0,0,1,0,0,0,0,1,0,0,6.3595,0,1],"rest":[1,0,0,0,0,1,0,0,0,0,1,0,0,6.3596,0,1],"parentBoneIndex":26,"length":7.0378
,"animation":
{"name":"anim","property":"_matrix","dataType":3,"framePerSecond":30,"loopBehavior":1,"keys":[
{"frame":1,"values":[1,0,0,0,0,1,0,0,0,0,1,0,0,6.3595,0,1]},
{"frame":2,"values":[1,0,0,0,0,1,0,0,0,0,1,0,0,6.3595,0,1]}]}},
{"name":"mixamorig:LeftHandRing4","index":28,"matrix":[1,0,0,0,0,1,0,0,0,0,1,0,0,7.0378,0,1],"rest":[1,0,0,0,0,1,0,0,0,0,1,0,0,7.0378,0.0001,1],"parentBoneIndex":27,"length":7.0378
,"animation":
{"name":"anim","property":"_matrix","dataType":3,"framePerSecond":30,"loopBehavior":1,"keys":[
{"frame":1,"values":[1,0,0,0,0,1,0,0,0,0,1,0,0,7.0378,0,1]},
{"frame":2,"values":[1,0,0,0,0,1,0,0,0,0,1,0,0,7.0378,0,1]}]}},
{"name":"mixamorig:LeftHandPinky1","index":29,"matrix":[1,0,0,0,0,1,0,0,0,0,1,0,8.7809,21.9058,0.441,1],"rest":[1,0,0,0,0,1,0,0,0,0,1,0,8.781,21.9058,0.441,1],"parentBoneIndex":12,"length":6.5367
,"animation":
{"name":"anim","property":"_matrix","dataType":3,"framePerSecond":30,"loopBehavior":1,"keys":[
{"frame":1,"values":[1,0,0,0,0,1,0,0,0,0,1,0,8.7809,21.9058,0.441,1]},
{"frame":2,"values":[1,0,0,0,0,1,0,0,0,0,1,0,8.7809,21.9058,0.441,1]}]}},
{"name":"mixamorig:LeftHandPinky2","index":30,"matrix":[1,0,0,0,0,1,0,0,0,0,1,0,0,6.5367,0,1],"rest":[1,0,0,0,0,1,0,0,0,0,1,0,0,6.5367,0,1],"parentBoneIndex":29,"length":4.1491
,"animation":
{"name":"anim","property":"_matrix","dataType":3,"framePerSecond":30,"loopBehavior":1,"keys":[
{"frame":1,"values":[1,0,0,0,0,1,0,0,0,0,1,0,0,6.5367,0,1]},
{"frame":2,"values":[1,0,0,0,0,1,0,0,0,0,1,0,0,6.5367,0,1]}]}},
{"name":"mixamorig:LeftHandPinky3","index":31,"matrix":[1,0,0,0,0,1,0,0,0,0,1,0,0,4.149,0,1],"rest":[1,0,0,0,0,1,0,0,0,0,1,0,0,4.149,0,1],"parentBoneIndex":30,"length":5.5635
,"animation":
{"name":"anim","property":"_matrix","dataType":3,"framePerSecond":30,"loopBehavior":1,"keys":[
{"frame":1,"values":[1,0,0,0,0,1,0,0,0,0,1,0,0,4.149,0,1]},
{"frame":2,"values":[1,0,0,0,0,1,0,0,0,0,1,0,0,4.149,0,1]}]}},
{"name":"mixamorig:LeftHandPinky4","index":32,"matrix":[1,0,0,0,0,1,0,0,0,0,1,0,0,5.5635,0,1],"rest":[1,0,0,0,0,1,0,0,0,0,1,0,0,5.5635,0,1],"parentBoneIndex":31,"length":5.5635
,"animation":
{"name":"anim","property":"_matrix","dataType":3,"framePerSecond":30,"loopBehavior":1,"keys":[
{"frame":1,"values":[1,0,0,0,0,1,0,0,0,0,1,0,0,5.5635,0,1]},
{"frame":2,"values":[1,0,0,0,0,1,0,0,0,0,1,0,0,5.5635,0,1]}]}},
{"name":"mixamorig:RightShoulder","index":33,"matrix":[-0.2017,0.1175,0.9724,0,-0.9795,-0.0253,-0.2001,0,0.0011,-0.9927,0.1202,0,-12.9896,19.1035,-0.1162,1],"rest":[-0.2017,0.1175,0.9724,0,-0.9795,-0.0252,-0.2001,0,0.0009,-0.9927,0.1202,0,-12.9896,19.1035,-0.1162,1],"parentBoneIndex":3,"length":26.8919
,"animation":
{"name":"anim","property":"_matrix","dataType":3,"framePerSecond":30,"loopBehavior":1,"keys":[
{"frame":1,"values":[-0.2017,0.1175,0.9724,0,-0.9795,-0.0253,-0.2001,0,0.0011,-0.9927,0.1202,0,-12.9896,19.1035,-0.1162,1]},
{"frame":2,"values":[-0.2017,0.1175,0.9724,0,-0.9795,-0.0253,-0.2001,0,0.0011,-0.9927,0.1202,0,-12.9896,19.1035,-0.1162,1]}]}},
{"name":"mixamorig:RightArm","index":34,"matrix":[0.9795,-0.2017,0,0,0.2016,0.9793,0.0174,0,-0.0035,-0.017,0.9998,0,0,26.892,0,1],"rest":[0.9795,-0.2017,0,0,0.2016,0.9793,0.0175,0,-0.0035,-0.0171,0.9998,0,0,26.892,0,1],"parentBoneIndex":33,"length":55.8427
,"animation":
{"name":"anim","property":"_matrix","dataType":3,"framePerSecond":30,"loopBehavior":1,"keys":[
{"frame":1,"values":[0.9795,-0.2017,0,0,0.2016,0.9793,0.0174,0,-0.0035,-0.017,0.9998,0,0,26.892,0,1]},
{"frame":2,"values":[0.9795,-0.2017,0,0,0.2016,0.9793,0.0174,0,-0.0035,-0.017,0.9998,0,0,26.892,0,1]}]}},
{"name":"mixamorig:RightForeArm","index":35,"matrix":[1,0,0,0,0,1,0,0,0,0,1,0,0,55.8427,0,1],"rest":[1,0,0,0,0,1,0,0,0,0,1,0,-0.0001,55.8427,0,1],"parentBoneIndex":34,"length":50.3137
,"animation":
{"name":"anim","property":"_matrix","dataType":3,"framePerSecond":30,"loopBehavior":1,"keys":[
{"frame":1,"values":[1,0,0,0,0,1,0,0,0,0,1,0,0,55.8427,0,1]},
{"frame":2,"values":[1,0,0,0,0,1,0,0,0,0,1,0,0,55.8427,0,1]}]}},
{"name":"mixamorig:RightHand","index":36,"matrix":[1,0,0.0001,0,0,1,0,0,-0.0001,0,1,0,0,50.3137,0,1],"rest":[1,0,0,0,0,1,0,0,0,0,1,0,0,50.3137,0,1],"parentBoneIndex":35,"length":22.4451
,"animation":
{"name":"anim","property":"_matrix","dataType":3,"framePerSecond":30,"loopBehavior":1,"keys":[
{"frame":1,"values":[1,0,0.0001,0,0,1,0,0,-0.0001,0,1,0,0,50.3137,0,1]},
{"frame":2,"values":[1,0,0.0001,0,0,1,0,0,-0.0001,0,1,0,0,50.3137,0,1]}]}},
{"name":"mixamorig:RightHandMiddle1","index":37,"matrix":[1,0,0,0,0,1,0,0,0,0,1,0,0,26.0655,0,1],"rest":[1,0,0,0,0,1,0,0,0,0,1,0,0,26.0656,0,1],"parentBoneIndex":36,"length":6.16
,"animation":
{"name":"anim","property":"_matrix","dataType":3,"framePerSecond":30,"loopBehavior":1,"keys":[
{"frame":1,"values":[1,0,0,0,0,1,0,0,0,0,1,0,0,26.0655,0,1]},
{"frame":2,"values":[1,0,0,0,0,1,0,0,0,0,1,0,0,26.0655,0,1]}]}},
{"name":"mixamorig:RightHandMiddle2","index":38,"matrix":[1,0,0,0,0,1,0,0,0,0,1,0,0,6.16,0,1],"rest":[1,0,0,0,0,1,0,0,0,0,1,0,0,6.16,0,1],"parentBoneIndex":37,"length":7.2791
,"animation":
{"name":"anim","property":"_matrix","dataType":3,"framePerSecond":30,"loopBehavior":1,"keys":[
{"frame":1,"values":[1,0,0,0,0,1,0,0,0,0,1,0,0,6.16,0,1]},
{"frame":2,"values":[1,0,0,0,0,1,0,0,0,0,1,0,0,6.16,0,1]}]}},
{"name":"mixamorig:RightHandMiddle3","index":39,"matrix":[1,0,0,0,0,1,0,0,0,0,1,0,0,7.2791,0,1],"rest":[1,0,0,0,0,1,0,0,0,0,1,0,0,7.2791,0,1],"parentBoneIndex":38,"length":7.46
,"animation":
{"name":"anim","property":"_matrix","dataType":3,"framePerSecond":30,"loopBehavior":1,"keys":[
{"frame":1,"values":[1,0,0,0,0,1,0,0,0,0,1,0,0,7.2791,0,1]},
{"frame":2,"values":[1,0,0,0,0,1,0,0,0,0,1,0,0,7.2791,0,1]}]}},
{"name":"mixamorig:RightHandMiddle4","index":40,"matrix":[1,0,0,0,0,1,0,0,0,0,1,0,0,7.46,0,1],"rest":[1,0,0,0,0,1,0,0,0,0,1,0,-0.0001,7.46,0,1],"parentBoneIndex":39,"length":7.46
,"animation":
{"name":"anim","property":"_matrix","dataType":3,"framePerSecond":30,"loopBehavior":1,"keys":[
{"frame":1,"values":[1,0,0,0,0,1,0,0,0,0,1,0,0,7.46,0,1]},
{"frame":2,"values":[1,0,0,0,0,1,0,0,0,0,1,0,0,7.46,0,1]}]}},
{"name":"mixamorig:RightHandThumb1","index":41,"matrix":[0.8944,-0.3873,-0.2236,0,0.4473,0.7746,0.4472,0,0,-0.5,0.866,0,6.1571,9.5019,3.93,1],"rest":[0.8944,-0.3873,-0.2236,0,0.4472,0.7746,0.4472,0,0,-0.5,0.866,0,6.1571,9.502,3.93,1],"parentBoneIndex":36,"length":10.3491
,"animation":
{"name":"anim","property":"_matrix","dataType":3,"framePerSecond":30,"loopBehavior":1,"keys":[
{"frame":1,"values":[0.8944,-0.3873,-0.2236,0,0.4473,0.7746,0.4472,0,0,-0.5,0.866,0,6.1571,9.5019,3.93,1]},
{"frame":2,"values":[0.8944,-0.3873,-0.2236,0,0.4473,0.7746,0.4472,0,0,-0.5,0.866,0,6.1571,9.5019,3.93,1]}]}},
{"name":"mixamorig:RightHandThumb2","index":42,"matrix":[1,0,0,0,0,1,0,0,0,0,1,0,0,10.3491,0,1],"rest":[1,0,0,0,0,1,0,0,0,0,1,0,0,10.3491,0,1],"parentBoneIndex":41,"length":8.5747
,"animation":
{"name":"anim","property":"_matrix","dataType":3,"framePerSecond":30,"loopBehavior":1,"keys":[
{"frame":1,"values":[1,0,0,0,0,1,0,0,0,0,1,0,0,10.3491,0,1]},
{"frame":2,"values":[1,0,0,0,0,1,0,0,0,0,1,0,0,10.3491,0,1]}]}},
{"name":"mixamorig:RightHandThumb3","index":43,"matrix":[1,0,0,0,0,1,0,0,0,0,1,0,0,8.5747,0,1],"rest":[1,0,0,0,0,1,0,0,0,0,1,0,0,8.5747,0,1],"parentBoneIndex":42,"length":6.1389
,"animation":
{"name":"anim","property":"_matrix","dataType":3,"framePerSecond":30,"loopBehavior":1,"keys":[
{"frame":1,"values":[1,0,0,0,0,1,0,0,0,0,1,0,0,8.5747,0,1]},
{"frame":2,"values":[1,0,0,0,0,1,0,0,0,0,1,0,0,8.5747,0,1]}]}},
{"name":"mixamorig:RightHandThumb4","index":44,"matrix":[1,0,0,0,0,1,0,0,0,0,1,0,0,6.1389,0,1],"rest":[1,0,0,0,0,1,0,0,0,0,1,0,0,6.1389,0,1],"parentBoneIndex":43,"length":6.1389
,"animation":
{"name":"anim","property":"_matrix","dataType":3,"framePerSecond":30,"loopBehavior":1,"keys":[
{"frame":1,"values":[1,0,0,0,0,1,0,0,0,0,1,0,0,6.1389,0,1]},
{"frame":2,"values":[1,0,0,0,0,1,0,0,0,0,1,0,0,6.1389,0,1]}]}},
{"name":"mixamorig:RightHandIndex1","index":45,"matrix":[1,0,0,0,0,1,0,0,0,0,1,0,5.1067,26.603,0.5463,1],"rest":[1,0,0,0,0,1,0,0,0,0,1,0,5.1066,26.6031,0.5464,1],"parentBoneIndex":36,"length":7.0921
,"animation":
{"name":"anim","property":"_matrix","dataType":3,"framePerSecond":30,"loopBehavior":1,"keys":[
{"frame":1,"values":[1,0,0,0,0,1,0,0,0,0,1,0,5.1067,26.603,0.5463,1]},
{"frame":2,"values":[1,0,0,0,0,1,0,0,0,0,1,0,5.1067,26.603,0.5463,1]}]}},
{"name":"mixamorig:RightHandIndex2","index":46,"matrix":[1,0,0,0,0,1,0,0,0,0,1,0,0,7.0921,0,1],"rest":[1,0,0,0,0,1,0,0,0,0,1,0,0,7.0921,0,1],"parentBoneIndex":45,"length":7.4144
,"animation":
{"name":"anim","property":"_matrix","dataType":3,"framePerSecond":30,"loopBehavior":1,"keys":[
{"frame":1,"values":[1,0,0,0,0,1,0,0,0,0,1,0,0,7.0921,0,1]},
{"frame":2,"values":[1,0,0,0,0,1,0,0,0,0,1,0,0,7.0921,0,1]}]}},
{"name":"mixamorig:RightHandIndex3","index":47,"matrix":[1,0,0,0,0,1,0,0,0,0,1,0,0,7.4144,0,1],"rest":[1,0,0,0,0,1,0,0,0,0,1,0,0,7.4144,0,1],"parentBoneIndex":46,"length":5.5225
,"animation":
{"name":"anim","property":"_matrix","dataType":3,"framePerSecond":30,"loopBehavior":1,"keys":[
{"frame":1,"values":[1,0,0,0,0,1,0,0,0,0,1,0,0,7.4144,0,1]},
{"frame":2,"values":[1,0,0,0,0,1,0,0,0,0,1,0,0,7.4144,0,1]}]}},
{"name":"mixamorig:RightHandIndex4","index":48,"matrix":[1,0,0,0,0,1,0,0,0,0,1,0,0,5.5225,0,1],"rest":[1,0,0,0,0,1,0,0,0,0,1,0,0,5.5225,0,1],"parentBoneIndex":47,"length":5.5225
,"animation":
{"name":"anim","property":"_matrix","dataType":3,"framePerSecond":30,"loopBehavior":1,"keys":[
{"frame":1,"values":[1,0,0,0,0,1,0,0,0,0,1,0,0,5.5225,0,1]},
{"frame":2,"values":[1,0,0,0,0,1,0,0,0,0,1,0,0,5.5225,0,1]}]}},
{"name":"mixamorig:RightHandRing1","index":49,"matrix":[1,0,0,0,0,1,0,0,0,0,1,0,-3.9839,24.0872,-0.0014,1],"rest":[1,0,0,0,0,1,0,0,0,0,1,0,-3.984,24.0872,-0.0014,1],"parentBoneIndex":36,"length":6.8575
,"animation":
{"name":"anim","property":"_matrix","dataType":3,"framePerSecond":30,"loopBehavior":1,"keys":[
{"frame":1,"values":[1,0,0,0,0,1,0,0,0,0,1,0,-3.9839,24.0872,-0.0014,1]},
{"frame":2,"values":[1,0,0,0,0,1,0,0,0,0,1,0,-3.9839,24.0872,-0.0014,1]}]}},
{"name":"mixamorig:RightHandRing2","index":50,"matrix":[1,0,0,0,0,1,0,0,0,0,1,0,0,6.8575,0,1],"rest":[1,0,0,0,0,1,0,0,0,0,1,0,0,6.8575,0,1],"parentBoneIndex":49,"length":6.8355
,"animation":
{"name":"anim","property":"_matrix","dataType":3,"framePerSecond":30,"loopBehavior":1,"keys":[
{"frame":1,"values":[1,0,0,0,0,1,0,0,0,0,1,0,0,6.8575,0,1]},
{"frame":2,"values":[1,0,0,0,0,1,0,0,0,0,1,0,0,6.8575,0,1]}]}},
{"name":"mixamorig:RightHandRing3","index":51,"matrix":[1,0,0,0,0,1,0,0,0,0,1,0,0,6.8355,0,1],"rest":[1,0,0,0,0,1,0,0,0,0,1,0,0,6.8355,0,1],"parentBoneIndex":50,"length":6.0172
,"animation":
{"name":"anim","property":"_matrix","dataType":3,"framePerSecond":30,"loopBehavior":1,"keys":[
{"frame":1,"values":[1,0,0,0,0,1,0,0,0,0,1,0,0,6.8355,0,1]},
{"frame":2,"values":[1,0,0,0,0,1,0,0,0,0,1,0,0,6.8355,0,1]}]}},
{"name":"mixamorig:RightHandRing4","index":52,"matrix":[1,0,0,0,0,1,0,0,0,0,1,0,0,6.0172,0,1],"rest":[1,0,0,0,0,1,0,0,0,0,1,0,0,6.0172,0,1],"parentBoneIndex":51,"length":6.0172
,"animation":
{"name":"anim","property":"_matrix","dataType":3,"framePerSecond":30,"loopBehavior":1,"keys":[
{"frame":1,"values":[1,0,0,0,0,1,0,0,0,0,1,0,0,6.0172,0,1]},
{"frame":2,"values":[1,0,0,0,0,1,0,0,0,0,1,0,0,6.0172,0,1]}]}},
{"name":"mixamorig:RightHandPinky1","index":53,"matrix":[1,0,0,0,0,1,0,0,0,0,1,0,-8.5411,20.9894,0.4977,1],"rest":[1,0,0,0,0,1,0,0,0,0,1,0,-8.5411,20.9894,0.4977,1],"parentBoneIndex":36,"length":5.9396
,"animation":
{"name":"anim","property":"_matrix","dataType":3,"framePerSecond":30,"loopBehavior":1,"keys":[
{"frame":1,"values":[1,0,0,0,0,1,0,0,0,0,1,0,-8.5411,20.9894,0.4977,1]},
{"frame":2,"values":[1,0,0,0,0,1,0,0,0,0,1,0,-8.5411,20.9894,0.4977,1]}]}},
{"name":"mixamorig:RightHandPinky2","index":54,"matrix":[1,0,0,0,0,1,0,0,0,0,1,0,0.0001,5.9396,0,1],"rest":[1,0,0,0,0,1,0,0,0,0,1,0,0,5.9396,0,1],"parentBoneIndex":53,"length":3.7647
,"animation":
{"name":"anim","property":"_matrix","dataType":3,"framePerSecond":30,"loopBehavior":1,"keys":[
{"frame":1,"values":[1,0,0,0,0,1,0,0,0,0,1,0,0.0001,5.9396,0,1]},
{"frame":2,"values":[1,0,0,0,0,1,0,0,0,0,1,0,0.0001,5.9396,0,1]}]}},
{"name":"mixamorig:RightHandPinky3","index":55,"matrix":[1,0,0,0,0,1,0,0,0,0,1,0,0,3.7647,0,1],"rest":[1,0,0,0,0,1,0,0,0,0,1,0,0,3.7647,0,1],"parentBoneIndex":54,"length":6.3705
,"animation":
{"name":"anim","property":"_matrix","dataType":3,"framePerSecond":30,"loopBehavior":1,"keys":[
{"frame":1,"values":[1,0,0,0,0,1,0,0,0,0,1,0,0,3.7647,0,1]},
{"frame":2,"values":[1,0,0,0,0,1,0,0,0,0,1,0,0,3.7647,0,1]}]}},
{"name":"mixamorig:RightHandPinky4","index":56,"matrix":[1,0,0,0,0,1,0,0,0,0,1,0,0,6.3705,0,1],"rest":[1,0,0,0,0,1,0,0,0,0,1,0,0,6.3704,0,1],"parentBoneIndex":55,"length":6.3705
,"animation":
{"name":"anim","property":"_matrix","dataType":3,"framePerSecond":30,"loopBehavior":1,"keys":[
{"frame":1,"values":[1,0,0,0,0,1,0,0,0,0,1,0,0,6.3705,0,1]},
{"frame":2,"values":[1,0,0,0,0,1,0,0,0,0,1,0,0,6.3705,0,1]}]}},
{"name":"mixamorig:LeftUpLeg","index":57,"matrix":[-1,0.0048,0,0,-0.0048,-1,-0.0031,0,0,-0.0031,1,0,18.5244,-13.8385,2.662,1],"rest":[-1,0.0048,0.0001,0,-0.0048,-0.9998,-0.0177,0,0,-0.0177,0.9998,0,18.5244,-13.8385,2.662,1],"parentBoneIndex":0,"length":85.2457
,"animation":
{"name":"anim","property":"_matrix","dataType":3,"framePerSecond":30,"loopBehavior":1,"keys":[
{"frame":1,"values":[-1,0.0048,0,0,-0.0048,-1,-0.0031,0,0,-0.0031,1,0,18.5244,-13.8385,2.662,1]},
{"frame":2,"values":[-1,0.0048,0,0,-0.0048,-1,-0.0031,0,0,-0.0031,1,0,18.5244,-13.8385,2.662,1]}]}},
{"name":"mixamorig:LeftLeg","index":58,"matrix":[0.9999,0.01,-0.0003,0,-0.01,0.9974,-0.0716,0,-0.0004,0.0716,0.9974,0,0,85.2457,0,1],"rest":[0.9999,0.01,-0.0002,0,-0.01,0.999,-0.0424,0,-0.0002,0.0424,0.9991,0,0,85.2457,0,1],"parentBoneIndex":57,"length":85.5711
,"animation":
{"name":"anim","property":"_matrix","dataType":3,"framePerSecond":30,"loopBehavior":1,"keys":[
{"frame":1,"values":[0.9999,0.01,-0.0003,0,-0.01,0.9974,-0.0716,0,-0.0004,0.0716,0.9974,0,0,85.2457,0,1]},
{"frame":2,"values":[0.9999,0.01,-0.0003,0,-0.01,0.9974,-0.0716,0,-0.0004,0.0716,0.9974,0,0,85.2457,0,1]}]}},
{"name":"mixamorig:LeftFoot","index":59,"matrix":[0.9968,0.0447,0.0661,0,-0.0797,0.6014,0.795,0,-0.0042,-0.7977,0.603,0,0,85.5711,0,1],"rest":[0.9968,0.0457,0.0654,0,-0.0797,0.613,0.7861,0,-0.0042,-0.7888,0.6146,0,0,85.5711,0,1],"parentBoneIndex":58,"length":32.4812
,"animation":
{"name":"anim","property":"_matrix","dataType":3,"framePerSecond":30,"loopBehavior":1,"keys":[
{"frame":1,"values":[0.9968,0.0447,0.0661,0,-0.0797,0.6014,0.795,0,-0.0042,-0.7977,0.603,0,0,85.5711,0,1]},
{"frame":2,"values":[0.9968,0.0447,0.0661,0,-0.0797,0.6014,0.795,0,-0.0042,-0.7977,0.603,0,0,85.5711,0,1]}]}},
{"name":"mixamorig:LeftToeBase","index":60,"matrix":[0.9953,-0.0957,-0.0116,0,0.0787,0.7376,0.6707,0,-0.0556,-0.6685,0.7417,0,0,32.4812,0,1],"rest":[0.9953,-0.0957,-0.0116,0,0.0787,0.7376,0.6707,0,-0.0556,-0.6685,0.7417,0,0,32.4812,0,1],"parentBoneIndex":59,"length":19.0648
,"animation":
{"name":"anim","property":"_matrix","dataType":3,"framePerSecond":30,"loopBehavior":1,"keys":[
{"frame":1,"values":[0.9953,-0.0957,-0.0116,0,0.0787,0.7376,0.6707,0,-0.0556,-0.6685,0.7417,0,0,32.4812,0,1]},
{"frame":2,"values":[0.9953,-0.0957,-0.0116,0,0.0787,0.7376,0.6707,0,-0.0556,-0.6685,0.7417,0,0,32.4812,0,1]}]}},
{"name":"mixamorig:LeftToe_End","index":61,"matrix":[1,0,0,0,0,1,0,0,0,0,1,0,0,19.0648,0,1],"rest":[1,0,0,0,0,1,0,0,0,0,1,0,0,19.0648,0,1],"parentBoneIndex":60,"length":19.0648
,"animation":
{"name":"anim","property":"_matrix","dataType":3,"framePerSecond":30,"loopBehavior":1,"keys":[
{"frame":1,"values":[1,0,0,0,0,1,0,0,0,0,1,0,0,19.0648,0,1]},
{"frame":2,"values":[1,0,0,0,0,1,0,0,0,0,1,0,0,19.0648,0,1]}]}},
{"name":"mixamorig:RightUpLeg","index":62,"matrix":[-1,-0.0065,0.0002,0,0.0065,-0.9997,0.0221,0,0,0.0221,0.9998,0,-18.4403,-14.4117,0.1603,1],"rest":[-1,-0.0065,0.0001,0,0.0065,-0.9999,0.0118,0,0,0.0118,0.9999,0,-18.4403,-14.4117,0.1603,1],"parentBoneIndex":0,"length":84.8197
,"animation":
{"name":"anim","property":"_matrix","dataType":3,"framePerSecond":30,"loopBehavior":1,"keys":[
{"frame":1,"values":[-1,-0.0065,0.0002,0,0.0065,-0.9997,0.0221,0,0,0.0221,0.9998,0,-18.4403,-14.4117,0.1603,1]},
{"frame":2,"values":[-1,-0.0065,0.0002,0,0.0065,-0.9997,0.0221,0,0,0.0221,0.9998,0,-18.4403,-14.4117,0.1603,1]}]}},
{"name":"mixamorig:RightLeg","index":63,"matrix":[0.9999,-0.0134,0.0006,0,0.0134,0.9956,-0.0926,0,0.0007,0.0926,0.9957,0,0,84.8197,0,1],"rest":[0.9999,-0.0134,0.0005,0,0.0134,0.9973,-0.0722,0,0.0005,0.0722,0.9974,0,0,84.8197,0,1],"parentBoneIndex":62,"length":85.4194
,"animation":
{"name":"anim","property":"_matrix","dataType":3,"framePerSecond":30,"loopBehavior":1,"keys":[
{"frame":1,"values":[0.9999,-0.0134,0.0006,0,0.0134,0.9956,-0.0926,0,0.0007,0.0926,0.9957,0,0,84.8197,0,1]},
{"frame":2,"values":[0.9999,-0.0134,0.0006,0,0.0134,0.9956,-0.0926,0,0.0007,0.0926,0.9957,0,0,84.8197,0,1]}]}},
{"name":"mixamorig:RightFoot","index":64,"matrix":[0.9958,-0.0504,-0.0765,0,0.0914,0.5976,0.7966,0,0.0055,-0.8002,0.5997,0,0,85.4194,0,1],"rest":[0.9958,-0.0512,-0.0759,0,0.0914,0.6056,0.7905,0,0.0055,-0.7941,0.6078,0,0,85.4194,0,1],"parentBoneIndex":63,"length":32.9812
,"animation":
{"name":"anim","property":"_matrix","dataType":3,"framePerSecond":30,"loopBehavior":1,"keys":[
{"frame":1,"values":[0.9958,-0.0504,-0.0765,0,0.0914,0.5976,0.7966,0,0.0055,-0.8002,0.5997,0,0,85.4194,0,1]},
{"frame":2,"values":[0.9958,-0.0504,-0.0765,0,0.0914,0.5976,0.7966,0,0.0055,-0.8002,0.5997,0,0,85.4194,0,1]}]}},
{"name":"mixamorig:RightToeBase","index":65,"matrix":[0.9957,-0.0086,-0.0919,0,0.0671,0.751,0.6569,0,0.0634,-0.6602,0.7484,0,0,32.9812,0,1],"rest":[0.9957,-0.0086,-0.0919,0,0.0671,0.751,0.6569,0,0.0634,-0.6602,0.7484,0,0,32.9812,0,1],"parentBoneIndex":64,"length":19.7023
,"animation":
{"name":"anim","property":"_matrix","dataType":3,"framePerSecond":30,"loopBehavior":1,"keys":[
{"frame":1,"values":[0.9957,-0.0086,-0.0919,0,0.0671,0.751,0.6569,0,0.0634,-0.6602,0.7484,0,0,32.9812,0,1]},
{"frame":2,"values":[0.9957,-0.0086,-0.0919,0,0.0671,0.751,0.6569,0,0.0634,-0.6602,0.7484,0,0,32.9812,0,1]}]}},
{"name":"mixamorig:RightToe_End","index":66,"matrix":[1,0,0,0,0,1,0,0,0,0,1,0,0,19.7023,0,1],"rest":[1,0,0,0,0,1,0,0,0,0,1,0,0,19.7023,0,1],"parentBoneIndex":65,"length":19.7023
,"animation":
{"name":"anim","property":"_matrix","dataType":3,"framePerSecond":30,"loopBehavior":1,"keys":[
{"frame":1,"values":[1,0,0,0,0,1,0,0,0,0,1,0,0,19.7023,0,1]},
{"frame":2,"values":[1,0,0,0,0,1,0,0,0,0,1,0,0,19.7023,0,1]}]}}]
,"ranges":[{"name":"Armature|mixamo.com|Layer0","from":0,"to":2}]}],
"meshes":[{"name":"Body","id":"Body","billboardMode":0,"position":[0,0,0],"rotation":[0,0,0],"scaling":[1,1,1],"isVisible":true,"isEnabled":true,"pickable":false
,"positions":[24.2106,-10.9819,317.3184,26.8253,-17.0842,314.5797,22.361,-15.8181,315.069,4.5347,23.5081,201.9221,-0.5215,22.7848,206.2215,-0.3415,23.6388,201.6171,24.8513,-21.9226,310.1624,19.5265,-20.6401,311.6905,27.7483,-3.6378,314.8964,29.9439,-7.4557,317.2143,25.398,-6.0105,316.4433,30.8476,-3.387,314.96,27.0812,-1.6772,312.6263,30.6422,-0.3619,311.7992,26.1745,0.6991,309.0789,23.9235,-2.8438,313.6074,-0.7551,22.6394,215.3901
,4.4548,22.4419,211.2738,4.2435,22.5615,215.8944,31.1003,12.7324,208.7873,26.4447,16.3773,212.1875,26.7156,17.6182,207.3327,20.958,19.0799,210.3398,20.8691,19.9719,205.3878,15.2542,20.9296,208.675,15.0095,21.6124,203.7521,9.806,22.333,207.4381,9.6313,23.1101,202.6114,4.5519,22.767,206.6082,28.6041,-8.8667,212.29,31.2886,-4.2619,208.7449,28.7936,-8.677,207.7609,25.6482,-12.7226,211.5691,25.9932,-12.7636,206.4662
,22.2417,-15.9824,210.6895,23.1619,-16.1019,205.4819,18.5575,-18.1868,209.9783,19.4186,-19.0531,204.7271,9.9895,-20.351,208.8267,7.6966,-22.0474,202.7726,5.0536,-20.9094,208.0449,1.701,-22.3424,202.8002,0.3421,-22.4153,200.2152,0.2197,-22.4865,202.7759,2.8722,-21.9309,204.4912,0.0102,-21.0998,208.5943,4.6286,-22.3021,201.5002,8.6412,-12.9173,178.2255,4.1898,-9.1383,179.11,5.5822,-13.4387,180.9964,23.3466,-25.8522,304.6992
,15.5315,9.5139,301.8574,13.5489,11.9796,297.9369,17.3831,10.4467,298.4504,18.9338,7.9649,302.5308,13.4012,8.6877,305.1741,11.9254,11.1798,301.3871,29.6669,2.1115,307.8864,24.8339,3.8608,305.3127,28.5712,4.1201,304.2375,21.1623,9.0974,298.968,21.9821,6.1827,303.5318,22.9548,0.0348,310.9519,19.4355,5.4572,307.1712,21.6442,2.9351,308.6614,16.5969,7.3481,306.1118,10.0203,9.7498,304.4443,8.0093,12.3726,300.8031
,6.4745,10.3146,303.7175,3.6254,12.2314,299.9937,2.8468,9.9321,302.8222,-1.0199,12.0828,299.9138,9.5558,13.6472,297.3177,4.3965,14.4111,296.0874,-1.0491,13.9317,296.7451,27.2188,5.7839,301.8444,24.6318,7.6232,299.8535,3.5116,-10.7507,180.9519,3.8581,-13.3188,182.8184,2.3591,-22.3148,200.5879,0.13,-21.9845,205.1907,0.5387,-21.4647,197.0363,3.1239,-21.5769,197.2927,5.8005,-22.1432,197.5213,8.9958,-22.633,197.8809
,11.4545,-21.6978,203.3467,12.4883,-22.5824,198.1921,8.9618,23.7241,197.5384,4.2962,24.497,197.0389,14.4155,-19.5794,209.4346,15.7786,-20.7633,204.0083,16.5637,-21.6811,198.7776,-24.2975,-11.3643,316.8972,-27.5881,-17.0801,314.8496,-29.3514,-12.2577,316.6575,-25.7594,-22.0494,311.1961,-22.9204,-16.2613,315.473,-20.7519,-21.0908,312.4434,-28.4319,-3.7966,315.4555,-31.1497,-7.6525,316.6902,-32.57,-3.6145,314.9526,-27.6995,-1.8274,313.6787
,-26.6606,0.5372,310.756,-32.4706,-0.7132,312.1485,-31.1666,1.7574,309.1942,-25.4788,-6.4443,316.2204,-23.8418,-3.2707,314.0913,-5.7266,21.9507,211.1435,-5.6696,22.2592,215.8448,-31.0433,10.7253,207.92,-25.9949,14.2907,210.9125,-29.8592,9.9558,212.0237,-26.5464,15.2398,206.3789,-21.0943,17.3718,209.4646,-15.9125,19.6954,207.9992,-21.2159,18.3603,204.5165,-15.6746,20.733,202.8865,-10.7285,21.4247,206.9377,-10.3597,22.4903,201.9208
,-5.5937,22.4184,206.3657,-5.2588,23.3897,201.586,-33.0596,4.7013,208.4993,-31.8014,4.448,212.5383,-25.1245,-15.0575,210.1616,-28.1803,-11.175,206.398,-28.2294,-11.0883,210.9061,-21.5965,-18.2218,209.3537,-25.1392,-15.2156,205.0681,-18.1346,-20.2887,208.8099,-22.1702,-18.3248,204.0888,-7.1313,-23.0803,202.0182,-9.7692,-21.8801,208.1871,-4.9645,-21.6717,207.9565,-1.2989,-22.6343,202.4832,0.3421,-22.4153,200.2152,-1.7275,-22.6322,200.3856
,0.0102,-21.0998,208.5943,-2.5672,-22.4122,204.1899,-24.4466,-26.1101,305.8828,-16.5145,-25.7349,307.3823,-16.773,8.6507,302.4189,-15.1859,11.1326,298.2836,-13.3738,10.0389,301.5899,-18.901,9.7662,299.0731,-19.8312,7.1173,303.4159,-22.4448,8.4519,300.0568,-14.5954,8.1223,305.6454,-11.4853,9.2344,304.6773,-29.6178,3.4993,306.1252,-22.5207,5.3099,304.8315,-25.6052,6.8188,301.7008,-22.7157,-0.5818,311.6387,-21.4927,2.1781,309.4526
,-19.7543,4.6892,307.9679,-17.4166,6.7216,306.7965,-9.7927,11.6783,300.993,-8.1651,10.2229,303.9585,-5.5845,12.5859,300.4661,-4.5957,10.5875,303.3126,-11.3158,12.9304,297.5391,-6.336,14.569,296.4455,-28.0015,4.9061,303.9667,-25.1949,3.1651,306.9759,-4.0403,-22.9146,200.9925,0.13,-21.9845,205.1907,-2.006,-22.1607,196.9653,0.3421,-22.4153,200.2152,0.5387,-21.4647,197.0363,-4.6852,-22.9667,197.019,-7.8091,-23.5863,197.234
,-10.8766,-23.1259,202.3343,-11.3017,-23.7299,197.4563,-9.4869,23.481,196.6307,-4.7837,24.9038,196.6736,-14.114,-21.5446,208.5624,-18.4842,-20.9862,203.3566,-15.0741,-23.0743,197.8212,-17.4894,-19.5153,212.9316,-21.1479,-17.7001,213.4773,-24.8244,-14.815,214.5948,-28.2342,-11.1884,215.611,-28.9961,9.3095,216.3723,-25.3954,13.6273,215.4222,-20.7692,16.742,214.1822,-15.8482,19.1204,212.9556,-10.7792,20.8248,211.8905,-0.6699,22.5048,210.9025
,9.7437,21.8133,212.2224,15.2355,20.4159,213.5681,20.8481,18.6018,215.0843,26.0286,15.664,216.3452,30.1888,11.5135,213.2211,29.4886,10.7589,217.373,28.3967,-9.2361,216.9008,30.9459,-4.5444,212.9676,25.1204,-12.8059,215.9889,21.4102,-15.5696,214.9908,17.6247,-17.4401,214.237,13.6595,-18.6937,213.6774,9.4462,-19.5232,213.3275,4.8543,-20.0551,213.32,-0.1275,-20.4249,213.3917,-5.0595,-20.782,212.7806,0.0102,-21.0998,208.5943
,-9.5475,-20.9354,212.3895,-13.6453,-20.5777,212.5558,80.7076,-12.8398,306.6754,87.2993,-16.1389,304.0766,80.6691,-16.116,304.4786,79.8255,-17.896,293.9297,85.9533,-15.8685,291.307,79.4995,-15.575,290.6291,80.031,-18.9031,297.6373,86.2724,-17.8339,294.4619,87.6993,-13.0566,306.2785,81.2008,-9.1812,307.5947,89.4722,-9.4514,307.1662,81.5611,-5.4378,307.0447,79.0919,-7.0308,289.2232,85.2326,-12.0137,288.9974,87.0188,-7.1396,289.4862
,149.1068,-16.5806,298.2497,151.9756,-15.1707,296.6315,149.1691,-14.8777,296.4631,152.2095,-12.111,295.3449,150.0277,-8.1813,294.9013,153.3232,-7.8771,294.7561,151.1151,-3.1085,297.4974,154.1349,-4.4897,294.7683,154.2486,-2.321,296.5713,154.7101,-1.8984,299.2402,151.6042,-2.4258,299.902,154.7501,-6.1239,303.9578,151.7751,-3.7013,302.19,155.0134,-3.027,301.9814,153.7021,-10.5884,304.3172,151.5425,-6.6927,303.8123,150.7923,-10.9079,304.2955
,152.6611,-14.8977,303.485,149.918,-15.0419,303.7756,151.9436,-17.0472,300.7995,149.3503,-17.0598,300.9938,151.8842,-16.8163,298.2607,155.1257,-16.2735,295.9537,154.9382,-17.79,298.0851,155.1231,-17.4725,300.7253,158.3579,-18.347,300.1837,158.139,-18.7864,297.7567,158.6999,-17.6068,295.4894,168.3884,-20.854,299.2962,165.6107,-20.0685,300.3217,168.5529,-20.5566,300.6005,156.8122,-10.1808,304.4647,158.8089,-5.4434,303.7055,156.1604,-14.7684,303.0059
,159.3272,-16.8196,301.9854,172.5218,-16.6683,301.5192,169.7854,-15.4937,303.0192,172.7273,-15.6401,302.7991,175.7079,-12.4021,302.2879,172.4589,-10.9932,303.7369,175.5365,-10.7535,303.4218,90.7133,-18.4284,301.1042,87.0556,-18.6749,301.467,175.2514,-3.5618,301.1794,173.3128,-1.8674,298.0296,175.8292,-2.8533,299.3798,170.5751,0.3911,290.8757,169.3855,1.0161,288.4716,168.4777,0.3902,288.9447,166.2249,1.6153,288.6928,166.7298,3.7667,289.2422
,165.0025,2.9703,290.0439,166.9011,4.6414,290.9598,165.2632,3.6043,292.0839,157.8962,-0.5434,297.8108,157.489,-0.8437,294.671,177.7538,7.2395,284.5652,176.849,6.9233,284.2071,177.0654,6.7693,284.2909,184.0671,-18.1025,299.2148,184.9895,-18.6449,299.571,184.0294,-18.0243,299.5252,195.6866,-5.1334,299.5706,194.9703,-4.0666,298.7972,195.0705,-5.0258,298.6041,195.5197,-8.9943,299.9607,195.6011,-10.3289,299.1497,196.0455,-10.3577,300.2706
,191.4727,-12.9182,300.9457,192.3886,-14.1898,300.6549,191.7674,-14.231,301.4775,185.1829,-5.0901,301.9062,183.4631,-3.6227,301.3221,185.3713,-3.7869,301.2812,185.6171,-3.0663,300.056,183.6903,-3.2471,298.5641,185.8241,-3.3349,298.6453,183.6766,-4.4725,297.7383,185.8541,-4.4981,297.7796,185.6726,-6.2526,298.0769,183.7189,-7.3373,299.7302,185.4625,-7.3253,299.7833,177.7403,-17.4585,300.1321,176.2513,-17.5548,298.8694,178.3029,-17.5117,299.0904
